000001
000007
000021
000023
000025
000035
000048
000051
000060
000062
000068
000073
000076
000085
000091
000100
000105
000108
000114
000119
000122
000124
000127
000134
000142
000145
000150
000151
000154
000157
000162
000164
000167
000169
000177
000189
000195
000201
000203
000211
000214
000217
000232
000245
000254
000265
000266
000268
000271
000274
000277
000295
000306
000307
000308
000310
000317
000320
000325
000328
000331
000333
000335
000339
000347
000354
000360
000362
000366
000376
000379
000380
000382
000383
000408
000409
000422
000424
000435
000446
000448
000449
000453
000460
000461
000463
000464
000468
000471
000481
000495
000501
000505
000514
000518
000519
000528
000529
000535
000536
000548
000559
000560
000575
000583
000585
000590
000596
000608
000614
000615
000618
000632
000639
000659
000685
000691
000698
000722
000736
000743
000754
000755
000763
000764
000765
000770
000771
000773
000774
000780
000787
000796
000799
000803
000804
000808
000811
000812
000846
000859
000860
000868
000870
000886
000889
000892
000902
000906
000910
000913
000915
000919
000924
000931
000940
000943
000955
000958
000965
000972
000982
000983
000988
000992
001008
001022
001027
001034
001040
001042
001045
001055
001061
001065
001068
001069
001077
001086
001100
001111
001112
001123
001134
001141
001145
001147
001149
001168
001169
001177
001179
001196
001203
001204
001207
001213
001216
001218
001220
001221
001222
001238
001242
001245
001252
001254
001266
001268
001274
001281
001283
001289
001290
001295
001308
001310
001319
001325
001328
001333
001334
001336
001345
001351
001354
001357
001358
001360
001366
001372
001380
001396
001404
001412
001422
001425
001428
001439
001450
001455
001466
001485
001496
001502
001504
001516
001523
001529
001557
001566
001570
001580
001588
001592
001600
001608
001610
001611
001624
001627
001636
001640
001643
001644
001648
001655
001677
001692
001700
001707
001714
001716
001717
001720
001721
001725
001727
001733
001748
001755
001762
001774
001783
001785
001787
001788
001796
001801
001811
001814
001824
001837
001863
001868
001870
001877
001878
001880
001881
001888
001897
001910
001918
001920
001921
001929
001945
001946
001948
001951
001957
001958
001962
001963
001974
001981
001988
001992
001997
001998
001999
002000
002006
002007
002008
002014
002015
002016
002017
002024
002025
002036
002049
002050
002063
002076
002084
002088
002092
002095
002096
002110
002112
002124
002135
002149
002153
002156
002164
002167
002171
002180
002199
002200
002206
002210
002211
002216
002227
002232
002233
002245
002254
002257
002264
002266
002269
002275
002279
002282
002283
002285
002288
002289
002296
002320
002322
002339
002357
002362
002367
002379
002386
002388
002391
002399
002400
002404
002416
002418
002422
002424
002440
002444
002465
002476
002480
002487
002488
002494
002497
002501
002512
002514
002517
002526
002531
002535
002536
002538
002549
002551
002557
002560
002565
002571
002574
002585
002586
002609
002612
002615
002626
002630
002634
002641
002652
002654
002677
002685
002686
002690
002713
002727
002738
002745
002746
002749
002754
002755
002771
002774
002780
002788
002792
002798
002800
002812
002813
002816
002822
002829
002838
002842
002843
002858
002883
002885
002901
002904
002911
002914
002915
002917
002920
002923
002943
002973
002991
002999
003000
003002
003004
003009
003014
003015
003017
003027
003034
003042
003046
003050
003061
003065
003084
003087
003095
003096
003103
003105
003106
003114
003115
003126
003135
003148
003156
003157
003158
003178
003179
003197
003210
003219
003222
003235
003237
003244
003251
003254
003258
003260
003283
003287
003289
003294
003296
003302
003310
003311
003313
003329
003367
003368
003377
003379
003380
003390
003391
003393
003394
003398
003403
003404
003407
003422
003426
003437
003438
003442
003450
003454
003466
003469
003478
003480
003489
003490
003510
003512
003516
003518
003526
003527
003530
003533
003534
003540
003548
003550
003560
003564
003573
003580
003583
003585
003589
003602
003608
003611
003615
003616
003619
003621
003626
003633
003641
003643
003653
003661
003663
003668
003677
003678
003682
003686
003691
003696
003706
003709
003713
003726
003740
003746
003750
003753
003759
003763
003765
003766
003779
003793
003809
003856
003862
003869
003878
003885
003897
003899
003912
003929
003934
003938
003939
003945
003948
003969
003971
003978
003982
003986
004011
004019
004027
004039
004041
004051
004055
004058
004065
004068
004074
004077
004081
004092
004099
004106
004114
004117
004122
004139
004140
004144
004149
004158
004164
004170
004176
004185
004187
004188
004197
004210
004212
004218
004224
004229
004230
004233
004240
004261
004268
004274
004283
004287
004292
004297
004304
004312
004324
004325
004328
004330
004332
004335
004338
004347
004350
004351
004362
004364
004370
004371
004377
004382
004383
004384
004389
004391
004402
004404
004410
004411
004415
004417
004419
004422
004425
004426
004428
004442
004443
004446
004459
004474
004483
004484
004485
004488
004490
004499
004501
004512
004515
004520
004536
004537
004542
004549
004551
004552
004558
004567
004569
004583
004604
004613
004624
004630
004647
004657
004662
004665
004690
004692
004693
004704
004706
004710
004712
004713
004720
004736
004737
004747
004749
004755
004764
004786
004787
004788
004800
004802
004804
004811
004814
004835
004836
004850
004855
004866
004870
004877
004882
004884
004906
004908
004909
004921
004934
004939
004941
004945
004947
004948
004949
004953
004954
004964
004965
004989
004996
004998
005010
005014
005031
005035
005039
005041
005054
005055
005059
005064
005075
005080
005083
005084
005085
005092
005097
005102
005106
005112
005116
005131
005133
005137
005157
005162
005165
005168
005188
005198
005211
005213
005228
005240
005244
005271
005273
005276
005278
005280
005282
005289
005300
005323
005333
005336
005358
005371
005378
005386
005391
005395
005408
005417
005418
005426
005428
005433
005436
005448
005462
005469
005471
005482
005485
005495
005504
005511
005524
005528
005533
005536
005539
005540
005541
005545
005546
005554
005555
005560
005565
005571
005579
005582
005587
005602
005604
005608
005612
005621
005625
005631
005633
005663
005665
005669
005677
005687
005690
005692
005693
005696
005713
005719
005750
005762
005763
005766
005769
005770
005773
005778
005784
005790
005796
005800
005822
005823
005825
005838
005840
005843
005846
005847
005849
005852
005866
005873
005876
005880
005882
005895
005898
005902
005910
005912
005914
005915
005920
005928
005934
005944
005948
005964
005965
005980
005982
005985
005997
006006
006010
006016
006019
006021
006023
006024
006026
006027
006034
006039
006070
006071
006083
006088
006092
006094
006100
006122
006130
006148
006160
006163
006169
006176
006177
006184
006190
006196
006214
006221
006229
006231
006234
006242
006247
006257
006261
006262
006265
006273
006276
006280
006284
006293
006333
006339
006341
006352
006358
006369
006371
006378
006380
006382
006395
006396
006406
006407
006414
006415
006422
006431
006433
006446
006449
006460
006464
006473
006475
006479
006484
006492
006496
006500
006503
006517
006528
006539
006564
006574
006578
006597
006603
006604
006605
006608
006611
006612
006623
006628
006632
006635
006647
006650
006651
006657
006659
006682
006690
006695
006696
006704
006717
006734
006737
006741
006745
006749
006750
006760
006761
006771
006776
006778
006783
006785
006801
006802
006813
006819
006828
006833
006835
006837
006838
006842
006843
006849
006859
006878
006879
006882
006886
006887
006894
006908
006912
006916
006919
006923
006942
006962
006971
006980
006997
007000
007006
007016
007018
007021
007033
007045
007049
007053
007067
007070
007103
007129
007130
007132
007147
007168
007177
007199
007202
007206
007207
007221
007229
007232
007240
007255
007264
007277
007280
007284
007285
007286
007294
007301
007315
007318
007324
007326
007338
007347
007349
007359
007363
007366
007374
007377
007398
007407
007410
007412
007414
007416
007434
007458
007463
007465
007469
007473
007476
007480
